i9-9880H (CPU), AMD 5500M (GPU), macOS 10.15.3, puppeteer 2.1.1, ef8037ec7343511245b0b143a8dca6597178f5ab, 19 Mar, 2020:

{
    "description": "Times between layouts on data changes, total time and number of frames rendered.",
    "averageTime": 43.50185000000056,
    "bestTime": 14.419999992242083,
    "bestTimeIndex": 592,
    "worstTime": 83.92500001355074,
    "worstTimeIndex": 367,
    "totalTime": 43501.85000000056,
    "frameCount": 998
}

{
    "description": "Times between layouts on size changes, total time and number of frames rendered.",
    "averageTime": 42.9284050000133,
    "bestTime": 1.1100000119768083,
    "bestTimeIndex": 1,
    "worstTime": 63.69000000995584,
    "worstTimeIndex": 114,
    "totalTime": 42928.4050000133,
    "frameCount": 998
}
